74 71 125 58 143 223 141 127 15 115 5 171 221 100 178 14 132 31 131 179 93 126 180 234 38 212 225 158 121 83 11 142 133 60 42 222 95 13 114 187 109 155 36 21 165 103 195 140 135 227 105 66 94 68 17 37 164 207 202 87 67 33 238 96 104 16 217 215 52 1 76 129 97 177 169 23 61 159 55 8 148 239 62 92 81 130 209 188 12 28 20 111 194 147 192 154 181 186 30 136 119 168 6 50 201 200 2 110 57 39 210 137 156 70 86 162 149 49 153 65 
193 108 40 197 101 69 203 9 118 211 89 91 173 29 26 88 53 228 189 106 232 102 213 3 151 199 237 174 113 84 224 112 204 206 214 51 45 160 231 152 175 170 139 98 73 124 157 85 128 196 229 190 183 72 79 75 182 34 233 208 161 59 226 78 205 219 144 10 43 22 4 220 138 134 90 116 122 167 230 56 48 176 235 184 46 27 107 117 54 80 7 218 120 99 172 44 18 24 19 82 216 150 191 123 198 25 32 163 146 185 240 41 35 166 236 145 77 47 63 64 
 
161 91 85 212 133 169 222 215 183 229 82 52 190 41 138 36 200 176 226 4 78 94 30 179 103 115 60 167 195 72 160 202 134 79 203 71 193 214 32 122 149 117 100 223 97 174 24 233 175 99 158 73 152 131 21 209 108 84 22 132 146 180 3 34 54 42 26 56 81 159 129 170 75 58 104 92 201 8 15 196 228 139 171 51 107 225 12 157 211 166 207 87 221 95 102 125 185 62 156 80 181 37 38 230 64 17 88 142 121 238 59 148 164 110 124 227 16 194 168 187 
126 182 218 46 177 197 184 162 10 210 217 141 205 237 189 93 234 19 89 165 118 61 186 33 144 11 220 9 29 44 150 45 178 198 208 18 98 235 49 70 119 90 232 120 114 96 67 172 224 69 47 137 20 55 28 68 105 145 66 5 116 109 1 35 153 143 204 53 231 27 74 128 40 23 43 123 151 101 7 127 240 13 50 147 77 219 76 48 39 188 86 199 130 135 216 25 31 83 192 206 65 236 163 112 111 191 63 239 154 14 155 113 2 173 213 57 136 106 140 6 
 
60 193 91 25 177 98 168 230 28 40 103 208 143 217 145 156 94 134 127 48 140 54 232 138 191 198 101 104 46 201 30 22 192 153 83 131 136 186 185 205 164 74 75 107 207 121 234 161 154 124 116 211 228 183 167 84 118 29 210 209 189 229 130 53 12 202 163 206 147 120 3 123 95 169 9 171 204 20 26 7 35 97 42 200 162 82 149 226 141 67 106 49 233 126 55 197 99 65 109 225 216 5 175 51 227 1 93 176 144 110 231 181 174 240 100 151 212 236 38 117 
57 21 85 178 72 160 96 14 52 79 219 184 45 17 194 221 137 50 47 15 129 125 102 158 70 196 69 89 223 39 64 122 239 133 77 19 59 166 32 172 146 195 182 80 222 188 142 6 61 88 152 220 56 78 132 224 159 128 33 4 238 63 86 218 92 76 237 187 24 108 173 157 73 34 37 58 190 31 199 179 36 41 119 155 62 215 203 8 111 16 68 165 81 27 23 135 43 105 18 235 114 180 148 44 90 11 112 66 139 13 2 113 170 71 87 10 213 115 150 214 
 
51 145 100 21 210 76 231 173 5 211 36 109 160 57 230 159 67 157 83 212 162 171 118 146 224 23 147 34 207 2 97 98 164 50 29 184 209 8 161 196 71 12 96 237 206 130 9 144 73 136 105 114 194 89 119 82 178 91 193 229 111 72 179 19 170 106 133 135 11 153 43 37 139 16 223 3 125 235 168 62 205 52 190 203 181 182 58 99 66 31 154 110 128 222 94 46 48 117 90 27 113 108 68 41 7 78 202 166 53 81 134 177 112 39 121 220 148 186 120 49 
191 75 183 233 32 70 4 74 155 137 88 26 201 45 187 165 238 151 150 185 18 93 124 126 87 59 79 221 63 215 28 104 69 141 30 228 143 192 239 198 204 107 20 200 167 56 140 22 236 127 6 199 17 15 64 84 77 213 80 180 101 123 175 152 55 240 10 65 189 86 158 132 216 61 217 149 38 44 138 142 1 234 92 24 218 176 174 197 227 40 13 225 172 131 232 169 188 115 226 85 54 214 102 35 129 95 163 208 60 116 42 33 103 47 25 219 14 195 122 156 
 
197 45 81 169 193 185 94 55 27 135 99 43 61 119 190 178 16 234 157 23 219 179 107 91 72 77 224 116 12 138 3 60 133 71 95 2 239 204 183 35 208 146 105 228 154 70 123 207 110 5 149 233 75 51 40 203 122 182 191 236 38 34 74 48 171 9 68 29 163 88 142 192 141 238 134 84 230 118 144 225 54 36 209 140 92 22 37 128 206 20 151 221 19 66 187 170 14 227 59 7 44 173 156 131 164 102 152 104 212 201 166 217 8 89 177 31 175 150 13 109 
11 199 188 226 127 155 213 235 90 132 106 47 101 181 214 174 50 160 56 161 100 145 73 196 231 158 202 112 30 52 4 198 120 42 98 222 97 6 139 69 176 125 159 124 162 184 24 229 93 111 136 62 117 86 130 87 168 237 67 115 108 46 57 113 211 195 121 33 49 58 218 148 143 28 153 26 32 79 25 200 76 232 78 64 126 83 10 189 129 39 85 223 165 53 216 17 186 82 240 215 205 41 96 63 65 15 18 220 210 21 1 137 147 180 103 114 167 172 194 80 
 
202 176 6 180 31 194 97 191 96 16 137 127 239 181 149 45 11 91 57 237 207 15 193 230 119 78 113 82 227 162 112 143 40 128 223 61 99 170 115 32 146 65 125 41 27 186 55 101 225 58 93 8 219 26 131 37 232 135 124 173 56 38 28 98 236 214 53 220 60 192 90 84 133 102 212 29 240 73 19 114 54 1 233 167 94 39 204 122 80 17 108 169 211 95 75 151 183 138 66 63 174 222 100 4 105 12 203 235 103 46 144 83 224 189 215 34 52 10 106 123 
121 234 36 136 62 226 71 48 156 177 129 229 155 111 86 130 51 70 9 179 140 187 67 92 157 49 201 190 213 25 110 216 154 85 7 210 59 3 68 148 165 81 107 197 231 139 206 47 141 79 69 118 116 120 196 50 142 109 76 198 205 64 168 150 18 44 218 158 13 33 147 35 185 171 184 160 221 209 163 89 23 72 22 117 217 195 188 228 77 87 42 182 153 199 24 30 145 88 2 104 74 175 20 208 159 21 5 132 238 166 43 152 126 172 164 134 200 178 14 161 
 
139 182 13 95 141 237 88 195 30 11 210 39 97 147 51 217 130 169 191 165 119 110 218 32 115 22 150 181 236 189 135 64 34 67 146 185 183 151 114 73 105 9 137 54 103 58 159 99 76 228 107 2 145 47 123 28 199 207 18 75 41 100 167 70 215 205 225 170 134 26 81 15 222 164 131 36 71 65 83 188 74 132 223 179 136 152 102 120 111 194 202 43 84 176 239 112 133 138 87 52 232 174 178 7 35 234 117 78 201 63 211 59 143 3 175 226 91 126 155 140 
60 4 221 172 68 203 193 53 220 216 128 149 8 227 163 93 156 166 61 212 38 171 219 1 10 160 82 27 85 94 177 158 48 204 142 162 17 90 57 184 180 24 23 192 153 46 235 29 209 45 240 66 49 31 213 42 124 80 187 56 14 122 40 148 72 69 127 55 229 62 118 157 77 16 231 144 12 198 208 168 161 125 89 238 197 129 98 25 109 104 154 101 116 86 196 79 106 224 20 121 6 200 50 37 230 96 186 21 44 5 173 233 206 108 33 92 19 113 214 190 
 
131 175 89 103 207 54 231 160 141 132 31 189 107 135 186 151 148 158 102 64 124 159 233 147 161 227 154 195 125 24 86 70 183 222 216 23 235 214 101 50 198 96 218 182 94 153 201 146 42 73 134 90 48 16 145 212 32 81 99 237 56 163 57 232 44 55 126 136 229 34 37 30 72 62 29 1 211 69 149 119 180 92 38 14 122 35 164 187 65 46 71 176 204 174 7 234 171 36 117 83 22 194 209 173 184 100 49 162 217 152 13 6 226 112 116 192 76 91 138 61 
115 238 45 105 133 88 239 68 215 240 137 111 193 74 58 129 202 230 130 196 104 166 11 95 43 236 200 77 120 82 40 121 140 4 197 39 93 53 80 66 139 3 2 150 15 113 5 208 19 47 21 27 178 41 225 84 109 210 106 28 220 168 97 221 172 143 75 60 165 213 123 52 155 219 110 191 185 188 59 18 114 179 224 127 199 87 156 203 9 177 17 63 157 205 223 85 144 33 190 79 128 181 169 167 206 78 8 26 51 118 170 142 10 228 20 25 108 98 67 12 
 
27 66 65 141 60 138 205 137 222 143 133 72 34 30 209 87 162 121 25 45 44 181 216 35 182 195 146 74 217 186 79 196 119 18 117 208 19 210 86 139 129 157 168 159 163 91 26 120 145 110 176 112 155 236 128 64 5 67 52 231 170 184 125 81 211 32 63 49 134 228 199 124 82 154 200 106 101 29 89 94 239 153 68 240 21 47 148 113 41 201 194 15 230 108 37 238 190 193 103 7 160 10 4 142 171 202 175 189 71 97 131 51 111 219 214 130 233 54 105 8 
187 144 135 20 147 123 46 127 234 164 85 50 212 218 3 78 149 150 227 53 203 31 23 220 57 198 55 56 166 197 232 177 207 188 225 151 191 38 92 100 76 9 84 36 224 77 59 22 109 98 96 14 93 237 12 173 90 70 62 204 206 213 226 116 80 69 6 183 40 28 185 16 1 95 179 169 235 107 33 165 24 172 73 132 215 229 11 99 136 167 75 221 178 39 42 161 115 122 114 88 13 140 192 61 126 158 152 83 156 223 48 118 58 180 102 43 174 17 104 2 
 
83 163 14 16 159 61 80 213 43 40 52 72 210 152 172 175 177 236 173 134 167 109 84 30 73 142 226 70 202 138 178 136 92 140 151 103 161 168 31 120 96 185 53 98 95 217 153 93 238 66 198 22 221 211 86 179 8 181 107 119 186 166 112 38 124 111 145 15 204 156 55 199 215 87 229 12 141 82 158 130 47 18 137 222 76 33 37 20 155 182 29 144 63 23 90 205 91 81 125 26 32 232 7 149 74 237 78 101 239 132 67 97 50 116 223 216 24 114 28 196 
212 65 64 227 41 27 206 157 219 36 45 143 174 89 135 2 99 214 77 17 225 110 193 188 160 104 187 235 25 42 122 201 191 169 118 60 228 6 190 131 39 234 59 105 100 108 218 5 194 240 192 9 102 48 231 62 208 121 4 106 176 35 164 200 115 21 68 34 10 54 117 69 195 129 126 75 123 11 57 224 113 19 146 88 165 154 46 230 184 127 233 197 85 128 209 49 71 94 51 148 170 171 150 3 183 56 133 147 139 207 220 180 1 189 58 203 44 162 79 13 
 
